217 214 219 255 255 227 205 255 246 219 225 252 236 253 255 253 255 246 220 218 226 232 234 253 255 255 255 250 255 255 250 244 241 229 
247 242 211 236 255 255 255 248 232 227 227 221 230 251 255 255 253 255 255 255 251 246 234 
223 255 227 231 255 232 239 247 222 214 221 217 218 239 255 253 252 255 255 255 255 249 239 
225 231 255 243 246 241 230 201 207 218 211 222 247 251 253 255 255 255 255 251 237 
222 223 217 205 210 202 203 223 255 255 252 254 255 255 254 241 
209 209 227 202 210 252 255 254 253 255 255 255 250 
244 243 255 255 232 213 226 207 233 253 255 254 255 255 255 255 
215 255 255 255 255 255 255 239 255 237 205 213 246 255 255 255 255 254 255 
255 255 254 255 255 255 255 255 255 255 255 206 232 255 255 255 255 255 251 
202 224 255 255 255 255 255 255 255 255 255 255 244 222 246 255 253 255 255 251 
225 253 255 255 240 255 254 255 255 255 255 255 255 255 255 236 212 237 251 249 252 255 253 
213 255 255 251 250 255 248 207 201 245 255 255 255 255 254 255 255 255 255 255 239 201 203 227 247 251 249 251 250 
251 255 255 250 255 249 255 245 209 252 255 255 255 253 255 255 255 253 255 248 211 239 249 251 251 251 
226 242 251 252 250 255 255 255 249 227 248 255 255 254 255 255 255 255 255 255 251 249 212 227 246 246 246 248 
207 240 253 251 242 255 255 255 255 236 222 253 255 254 255 255 252 249 239 249 255 246 205 207 216 245 245 255 219 222 240 241 241 246 
206 221 241 253 252 255 255 252 255 226 244 255 255 255 255 250 255 255 255 254 221 209 224 233 249 236 253 234 232 253 218 202 222 238 236 236 239 
201 230 255 255 251 252 255 255 249 202 219 236 247 246 255 247 255 249 207 202 204 255 233 246 253 231 242 239 220 219 239 237 228 238 
209 228 255 255 255 252 254 255 219 212 225 255 255 255 252 246 255 255 255 255 244 255 224 227 221 228 235 226 217 223 230 228 228 
223 245 255 253 253 255 249 211 210 220 255 250 255 238 228 254 240 243 237 242 222 233 234 207 221 226 214 206 220 230 221 
231 252 254 255 255 255 238 224 209 203 202 207 211 216 255 246 249 230 227 247 238 233 236 205 233 246 206 213 211 209 223 214 
201 231 246 254 255 255 240 224 208 206 210 212 211 215 239 229 209 221 220 203 202 255 252 225 208 205 201 
222 255 255 245 248 230 213 212 217 216 215 217 237 209 218 222 245 209 204 207 
231 255 249 254 229 209 207 210 210 209 212 209 218 255 237 255 235 201 
217 249 246 222 202 201 211 215 219 227 219 214 212 
241 246 222 214 223 211 214 220 214 217 209 201 208 
240 206 210 209 208 218 213 216 214 201 204 205 216 246 253 241 210 
212 213 208 221 206 217 212 216 220 215 218 214 255 255 242 223 
215 247 221 208 208 215 213 217 222 219 221 218 208 217 248 213 
203 224 211 208 201 213 217 217 219 214 214 216 216 202 242 224 
221 217 201 226 211 204 211 215 213 212 209 208 211 217 207 203 236 229 
201 223 202 229 243 219 205 207 210 205 207 210 208 208 215 209 220 217 
218 226 208 204 205 220 236 205 203 205 206 204 213 211 207 209 215 213 212 
211 204 207 224 230 226 211 203 213 217 210 206 
202 204 209 221 236 219 219 221 233 244 237 
219 216 208 236 223 202 228 241 254 249 202 
210 227 209 234 225 229 220 230 247 224 
222 235 230 231 233 242 253 235 
226 239 241 221 231 251 
221 231 232 245 
219 251 
217 
228 246 221 205 
211 255 255 240 230 224 
255 247 249 252 253 235 
255 250 255 251 246 214 
247 255 238 232 220 





203 
208 




























219 203 
220 225 234 
220 239 210 252 232 231 
216 246 220 255 201 
216 255 215 243 
235 255 241 204 210 
208 239 242 201 
206 
204 
223 
203 





















208 203 204 
217 216 208 215 209 201 210 209 211 
218 220 218 206 215 212 216 232 229 225 
213 215 209 206 214 210 217 219 202 206 
212 214 214 217 227 224 208 208 
214 206 212 211 213 
202 205 
215 210 
207 206 206 203 206 204 
203 209 201 202 206 
217 255 244 
230 204 237 227 205 244 241 228 206 
205 218 216 227 214 211 213 
220 215 211 247 231 213 215 
208 226 243 220 210 229 215 
215 235 208 210 214 233 208 235 237 204 
207 248 238 212 232 210 214 214 229 217 240 
234 237 235 248 217 242 222 218 232 251 205 
215 253 249 237 248 247 218 202 237 248 211 
255 247 225 218 221 204 229 249 211 
243 246 229 230 242 228 235 244 242 242 220 
243 209 214 250 239 234 226 
219 226 231 220 
212 224 236 206 
222 234 227 217 210 
202 216 223 225 
226 239 242 


205 201 
211 218 208 
210 223 216 220 
221 233 234 228 
215 221 230 238 226 
220 226 227 232 227 
210 223 237 235 232 243 
214 225 219 219 238 234 230 245 
202 228 231 208 220 221 223 222 226 234 235 238 246 
216 252 255 255 247 217 224 225 218 232 245 238 244 255 250 
201 201 223 255 253 246 255 249 246 232 215 229 223 221 230 242 246 241 247 254 254 
205 214 240 251 252 228 247 255 252 246 237 255 255 255 231 227 225 228 233 241 245 246 252 253 246 
202 210 239 255 255 251 249 232 255 255 253 255 255 255 252 216 230 226 227 236 235 238 246 251 255 249 234 
203 205 223 255 255 253 255 255 241 207 220 249 255 255 255 255 255 248 220 240 229 230 239 238 242 247 250 251 243 227 
203 204 202 203 225 255 255 255 251 241 248 255 255 243 227 232 255 255 255 255 241 214 227 231 235 232 241 241 246 249 245 246 241 229 
201 208 235 252 242 235 238 252 255 255 255 255 255 255 255 255 242 217 214 202 216 219 216 207 203 209 227 229 220 201 209 239 223 241 238 242 243 248 247 239 239 238 230 
204 210 207 238 255 255 255 255 227 216 249 254 255 255 255 245 255 255 224 203 210 227 245 255 255 255 238 222 208 227 237 231 241 244 247 246 247 244 237 237 237 231 
201 214 211 204 209 242 255 255 254 255 255 252 230 239 255 255 255 250 255 255 255 255 244 255 236 219 246 255 255 255 255 255 255 251 220 212 233 228 242 239 248 251 246 244 240 235 237 238 231 
