0000000000000000000000000000000000000000000000000000000001010101010101000000000000000101010000000000000000101010101010101010101010101010101010101010101010
00000000000000000000000000000000000000000000000000000000000000000000000000000000000000000000000001010101010101010101010101010101010101010101010
00000000000000000000000000000000000000000000000000000000000000000000000000000000000000000000000001010101010101010101010101010101010101010101010
000000000000000000000000000000000000000000000000000000000000000000000000000000000000000000000100000101010101010100010101010101010101010101010
0000000000000000000000000000000000000000000000000000000000000000000000000000000000000000000010101000001000000000101010101010101010101010
0000000000000000000000000000000000000000000000000000000000000000000000000000000000000000000101001000000000000001000101010101010101010
0000000000000000000000000000000000000000000000000000000000000000000000000000000000000000101010101010100000000000000000101010101010101010
0000000000000000000000000000000000000000000000000000000000000000000000000000000000000101010101010101010101000000000000000001010101010101010
0000000000000000000000000000000000000000000000000000000000000000000000000000000000000101010101010101010101000000000000000001010101010101010
00000000000000000000000000000000000000000000000000000000000000000000000000000000100000101010101010101010101010000000000000000010101010101010
00000000000000000000000000000000000000000000000000000000000000000000000000000101010100000010101010101010101010101000000000000000010101010101010
00000000000000000000000000000000000000000000000000000000000000000000000000010101010101010100001010101010101010101010101010000000000000010101010101010
00000000000000000000000000000000000000000000000000000000000000000000000000010101010101010100000101010101010101010101010000000000000000101010101010
0000000000000000000000000000000000000000000000000000000000000000000000000001010101010101010100000101010101010101010101010101000000000000001010101010
0000000000000000000000000000000000000000000000000000000000000000000000000001010101010101010101000001010101010101010101010101000000101010101010001010101010
0000000000000000000000000000000000000000000000000000000000000000000000000000101010101010101010100000101010101010101010101010100001010101010101010101010101010
0000000000000000000000000000000000000000000000000000000000000000000000000000010101010101010101010000000101010101010101010000101010101010101010101010101010
000000000000000000000000000000000000000000000000000000000000000000000000000000101010101010101010000000010101010101010101010100010101010101010101010101010
0000000000000000000000000000000000000000000000000000000000000000000000000000000010101010101010100000001010101010101010101010000101010101010101010101010
00000000000000000000000000000000000000000000000000000000000000000000000000000000001010101010101010101010101010101010101010101010100010101000010100101010
000000000000000000000000000000000000000000000000000000000000000000000000000000000010101010101010101010101010101010101010100000010101001000010001010
00000000000000000000000000000000000000000000000000000000000000000000000000000000000010101010101010101010101010100000000001010101010100000000
000000000000000000000000000000000000000000000000000000000000000000000000000000000000010101010101010101010101000000000010101010100100000000
0000000000000000000000000000000000000000000000000000000000000000000000000000000000000010101010101010101010101010000000000000000000000
0000000000000000000000000000000000000000000000000000000000000000000000000000000000000001010101000101010101010100000010000010000000000
00000000000000000000000000000000000000000000000000000000000000000000000000000000000000001010001010010101010101010100010101010100000000000
0000000000000000000000000000000000000000000000000000000000000000000000000000000000010000001010000101010101010101010010101010000000000000
0000000000000000000000000000000000000000000000000000000000000000000000000000000000010101000000000101010101010101010100001010100000000000
0000000000000000000000000000000000000000000000000000000000000000000000000000000000001010100000000101010101010101010101000010100000000000
000000000000000000000000000000000000000000000000000000000000000000000000000000000000010100101010000100101010101010101010100010100000000000
000000000000000000000000000000000000000000000000000000000000000000000000000000000000010101000101010001010101010101010101000010100000000000
0000000000000000000000000000000000000000000000000000000000000000000000000000000000000010101001010101010101010010101010101000010100000000000
000000000000000000000000000000000000000000000000000000000000000000000000000000000000000100001001010101010001000101000001010000000000
00000000000000000000000000000000000000000000000000000000000000000000000000000000000000010100001000101010000000100010101010000000000
00000000000000000000000000000000000000000000000000000000000000000000000000000000000000001010000001010101000000000101010101000000000
0000000000000000000000000000000000000000000000000000000000000000000000000000000000000000001000010101010000000000101010101000000000
00000000000000000000000000000000000000000000000000000000000000000000000000000000000000000000000101010000000000101010101000000000
000000000000000000000000000000000000000000000000000000000000000000000000000000000000000000000001010101000000000000101000000000
0000000000000000000000000000000000000000000000000000000000000000000000000000000000000000000000001010100000000000001000000000
00000000000000000000000000000000000000000000000000000000000000000000000000000000000000000000000000100000000000001000000000
0000000000000000000000000000000000000000000000000000000000000000000000000000000000000000000000000000000000000001000000000
0000000000000000000000000000000000000000000000000000000000000000000000000000000000000000000000000000001010101000000000000000
000000000000000000000000000000000000000000000000000000000000000000000000000000000000000000000000000001010101010100000000000000
000000000000000000000000000000000000000000000000000000000000000000000000000000000000000000000000000000101010101010000000000000
000000000000000000000000000000000000000000000000000000000000000000000000000000000000000000000000000000101010101010000000000000
00000000000000000000000000000000000000000000000000000000000000000000000000000000000000000000000000000010101010100000000000000
000000000000000000000000000000000000000000000000000000000000000000000000000000000000000000000000000000000000000000000000
000000000000000000000000000000000000000000000000000000000000000000000000000000000000000000000000000000000000000000000000
000000000000000000000000000000000000000000000000000000000000000000000000000000000000000000000000000000000000000000000000
000000000000000000000000000000000000000000000000000000000000000000000000000000000000000000000000000000000000000000000000
000000000000000000000000000000000000000000000000000000000000000000000000000000000000000000000000000000000000000000000000
0000000000000000000000000000000000000000000000000000000000000000000000000000000000000000000000000000000000000010000000000
0000000000000000000000000000000000000000000000000000000000000000000000000000000000000000000000000000000000000100000000000
000000000000000000000000000000000000000000000000000000000000000000000000000000000000000000000000000000000000000000000000
000000000000000000000000000000000000000000000000000000000000000000000000000000000000000000000000000000000000000000000000
000000000000000000000000000000000000000000000000000000000000000000000000000000000000000000000000000000000000000000000000
000000000000000000000000000000000000000000000000000000000000000000000000000000000000000000000000000000000000000000000000
000000000000000000000000000000000000000000000000000000000000000000000000000000000000000000000000000000000000000000000000
000000000000000000000000000000000000000000000000000000000000000000000000000000000000000000000000000000000000000000000000
000000000000000000000000000000000000000000000000000000000000000000000000000000000000000000000000000000000000000000000000
000000000000000000000000000000000000000000000000000000000000000000000000000000000000000000000000000000000000000000000000
000000000000000000000000000000000000000000000000000000000000000000000000000000000000000000000000000000000000000000000000
000000000000000000000000000000000000000000000000000000000000000000000000000000000000000000000000000000000000000000000000
000000000000000000000000000000000000000000000000000000000000000000000000000000000000000000000000000000000000000000000000
000000000000000000000000000000000000000000000000000000000000000000000000000000000000000000000000000000000000000000000000
000000000000000000000000000000000000000000000000000000000000000000000000000000000000000000000000000000000000000000000000
000000000000000000000000000000000000000000000000000000000000000000000000000000000000000000000000000000000000000000000000
000000000000000000000000000000000000000000000000000000000000000000000000000000000000000000000000000000000000000000000000
000000000000000000000000000000000000000000000000000000000000000000000000000000000000000000000000000000000000000000000000
000000000000000000000000000000000000000000000000000000000000000000000000000000000000000000000000000000000000000000000000
000000000000000000000000000000000000000000000000000000000000000000000000000000000000000000000000000000000000000000000000
000000000000000000000000000000000000000000000000000000000000000000000000000000000000000000000000000000000000000000000000
000000000000000000000000000000000000000000000000000000000000000000000000000000000000000000000000000000000000000000000000
000000000000000000000000000000000000000000000000000000000000000000000000000000000000000000000000000000000000000000000000
000000000000000000000000000000000000000000000000000000000000000000000000000000000000000000000000000000000000000000000000
000000000000000000000000000000000000000000000000000000000000000000000000000000000000000000000000000000000000000000000000
000000000000000000000000000000000000000000000000000000000000000000000000000000000000000000000000000000000000000000000000
000000000000000000000000000000000000000000000000000000000000000000000000000000000000000000000000000000000000000000000000
000000000000000000000000000000000000000000000000000000000000000000000000000000000000000000000000000000000000000000000000
000000000000000000000000000000000000000000000000000000000000000000000000000000000000000000000000000000000000000000000000
000000000000000000000000000000000000000000000000000000000000000000000000000000000000000000000000000000000000000000000000
00000000000000000000000000000000000000000000000000000000000000000000000000000000000000000000000000000000000010100000000000
000000000000000000000000000000000000000000000000000000000000000000000000000000000000000000000000000000000001010100000000000
000000000000000000000000000000000000000000000000000000000000000000000000000000000000000000000000000000000010101010101000000000
00000000000000000000000000000000000000000000000000000000000000000000000000000000000000000000000000000000001010101010000000000
0000000000000000000000000000000000000000000000000000000000000000000000000000000000000000000000000000000000101010100000000000
00000000000000000000000000000000000000000000000000000000000000000000000000000000000000000000000000000000001010010101000000000
0000000000000000000000000000000000000000000000000000000000000000000000000000000000000000000000000000000000101001010000000000
0000000000000000000000000000000000000000000000000000000000000000000000000000000000000000000000000000000000100000000000000
0000000000000000000000000000000000000000000000000000000000000000000000000000000000000000000000000000000001000000000000000
0000000000000000000000000000000000000000000000000000000000000000000000000000000000000000000000000000000001000000000000000
0000000000000000000000000000000000000000000000000000000000000000000000000000000000000000000000000000000001000000000000000
000000000000000000000000000000000000000000000000000000000000000000000000000000000000000000000000000000000000000000000000
000000000000000000000000000000000000000000000000000000000000000000000000000000000000000000000000000000000000000000000000
000000000000000000000000000000000000000000000000000000000000000000000000000000000000000000000000000000000000000000000000
000000000000000000000000000000000000000000000000000000000000000000000000000000000000000000000000000000000000000000000000
000000000000000000000000000000000000000000000000000000000000000000000000000000000000000000000000000000000000000000000000
000000000000000000000000000000000000000000000000000000000000000000000000000000000000000000000000000000000000000000000000
000000000000000000000000000000000000000000000000000000000000000000000000000000000000000000000000000000000000000000000000
000000000000000000000000000000000000000000000000000000000000000000000000000000000000000000000000000000000000000000000000
000000000000000000000000000000000000000000000000000000000000000000000000000000000000000000000000000000000000000000000000
000000000000000000000000000000000000000000000000000000000000000000000000000000000000000000000000000000000000000000000000
000000000000000000000000000000000000000000000000000000000000000000000000000000000000000000000000000000000000000000000000
000000000000000000000000000000000000000000000000000000000000000000000000000000000000000000000000000000000000000000000000
000000000000000000000000000000000000000000000000000000000000000000000000000000000000000000000000000000000000000000000000
000000000000000000000000000000000000000000000000000000000000000000000000000000000000000000000000000000000000000000000000
000000000000000000000000000000000000000000000000000000000000000000000000000000000000000000000000000000000000000000000000
000000000000000000000000000000000000000000000000000000000000000000000000000000000000000000000000000000000000000000000000
000000000000000000000000000000000000000000000000000000000000000000000000000000000000000000000000000000000000000000000000
000000000000000000000000000000000000000000000000000000000000000000000000000000000000000000000000000000000000000000000000
000000000000000000000000000000000000000000000000000000000000000000000000000000000000000000000000000000000000000000000000
000000000000000000000000000000000000000000000000000000000000000000000000000000000000000000000000000000000000000000000000
000000000000000000000000000000000000000000000000000000000000000000000000000000000000000000000000000000000000000000000000
000000000000000000000000000000000000000000000000000000000000000000000000000000000000000000000000000000000000000000000101010
000000000000000000000000000000000000000000000000000000000000000000000000000000000000000000000000000000000000001010100101010101010
0000000000000000000000000000000000000000000000000000000000000000000000000000000000000000000000000000000000000010101010101010101010
0000000000000000000000000000000000000000000000000000000000000000000000000000000000000000000000000000000000000010101010101010101010
00000000000000000000000000000000000000000000000000000000000000000000000000000000000000000000000000000000000001010101010101010000
00000000000000000000000000000000000000000000000000000000000000000000000000000000000000000000000000000000000001010101010000000
00000000000000000000000000000000000000000000000000000000000000000000000000000000000000000000000000000000000000010100000000
00000000000000000000000000000000000000000000000000000000000000000000000000000000000000000000000000000000000100001000000000
000000000000000000000000000000000000000000000000000000000000000000000000000000000000000000000000000000000001001000100010100010
00000000000000000000000000000000000000000000000000000000000000000000000000000000000000000000010000000000000000101000001010000
000000000000000000000000000000000000000000000000000000000000000000000000000000000000000000000100101000000000000000000000000
000000000000000000000000000000000000000000000000000000000000000000000000000000000000000000010100101001010101010000000000000000000
0000000000000000000000000000000000000000000000000000000000000000000000000000000000000000001010010101001010000000000000000000000
0000000000000000000000000000000000000000000000000000000000000000000000000000000000000000010100101010010100000000000000000000000
0000000000000000000000000000000000000000000000000000000000000000000000000000000000000000001010101001010100000000000000000000000
0000000000000000000000000000000000000000000000000000000000000000000000000000000000010101000010101010001010100000000000000000000000
00000000000000000000000000000000000000000000000000000000000000000000000000000000010101000101000101010010101000000000000000000000000
00000000000000000000000000000000000000000000000000000000000000000000000000000000101000010100010100010101010100000000000000000000000
00000000000000000000000000000000000000000000000000000000000000000000000000000001000001010001010100010101010100000000000000000000000
000000000000000000000000000000000000000000000000000000000000000000000000000000000001010001010100010101001000000000000000000000000
00000000000000000000000000000000000000000000000000000000000000000000000000000000001010001010100001010101010100000000000000000000000
0000000000000000000000000000000000000000000000000000000000000000000000000000000001010000000001010101010000000000000000000000000
0000000000000000000000000000000000000000000000000000000000000000000000000000000000000000000001010101000000000000000000000000
0000000000000000000000000000000000000000000000000000000000000000000000000000000000000000000001010101000000000000000000000000
00000000000000000000000000000000000000000000000000000000000000000000000000000000000000000000101010101000000000000000000000000
0000000000000000000000000000000000000000000000000000000000000000000000000000000000000000000010101010000000000000000000000000
000000000000000000000000000000000000000000000000000000000000000000000000000000000000000000000101010000000000000000000000000
000000000000000000000000000000000000000000000000000000000000000000000000000000000000000000000000000000000000000000000000
000000000000000000000000000000000000000000000000000000000000000000000000000000000000000000000000000000000000000000000000
00000000000000000000000000000000000000000000000000000000000000000000000000000000000000000000000000000000000000000000001010
000000000000000000000000000000000000000000000000000000000000000000000000000000000000000000000000000000000000000000000101010
0000000000000000000000000000000000000000000000000000000000000000000000000000000000000000000000000000000000000000000010101010
0000000000000000000000000000000000000000000000000000000000000000000000000000000000000000000000000000000000000000000010101010
00000000000000000000000000000000000000000000000000000000000000000000000000000000000000000000000000000000000000000001010101010
00000000000000000000000000000000000000000000000000000000000000000000000000000000000000000000000000000000000000000001010101010
000000000000000000000000000000000000000000000000000000000000000000000000000000000000000000000000000000000000000000101010101010
00000000000000000000000000000000000000000000000000000000000000000000000000000000000000000000000000000000000000001010101010101010
0000000000000000000000000000000000000000000000000000000000101010100000000000000000000000000000000000000000000000000101010101010101010
000000000000000000000000000000000000000000000000000000000101010101010000000000000000000000000000000000000000000000000101010101010101010
000000000000000000000000000000000000000000000000001000000101010101010101010100000000000000000000000000000000000000000000010101010101010101010
0000000000000000000000000000000000000000000000010000001010101010101010101010101010000000000000000000000000000000000000000000010101010101010101010
000000000000000000000000000000000000000000000100000010101010101000101010101010101010000000000000000000000000000000000000000001010101010101010101010
000000000000000000000000000000000000000000010100000010101010101010100101010101010101010000000000000000000000000000000000000000001010101010101010101010
0000000000000000000000000000000000000001001010000010001010101010101010101010101010101010100000000000000000000000000000000000000000101010101010101010101010
0000000000000000000000000000000000000001000000101010101010101010101010101010101010101010101000101010101010000000000000000000000000000000010101010101010101010101010
000000000000000000000000000000000010101000000001010101010100010101010101010101010000000101010101010101010100000000000000000000000000000010101010101010101010101010
0000000000000000000000000000001001010100000001010101010101010100010101010101010101010101000000101010101010101010100000000000000000000000000001010101010101010101010101010
