00000000000000000000000000000000000000001100111111000000000000000000000000000000
00000000000000000000000000000000000000001100111111000000000000000000000000000000
00000000000000000000000000000000000000001100111111000000000000000000000000000000
00000000000000000000000000000000000000000100111111100000000000000000000000000000
00000000000000000000000000000000000000000111111111100000000000000000000000000000
00000000000000000000000000000000000000000111111111100000000000000000000000000000
00000000000000000000000000000000000000000111111111100000000000000000000000000000
00000000000000000000000000000000000000000111111111100000000000000000000000000000
00000000000000000000000000000000000000000011111111110000000000000000000000000000
00000000000000000000000000000000000000000011111111110000000000000000000000000000
00000000000000000000000000000000000000000011111111110000000000000000000000000000
00000000000000000000000000000000000000000011111111110000000000000000000000000000
00000000000000000000000000000000000000000011111111111000000000000000000000000000
00000000000000000000000000000000000000000011011111111110000000000000000000000000
00000000000000000000000000000000000000000011011111111110000000000000000000000000
00000000000000000000000000000000000000000011111111111110000000000000000000000000
00000000000000000000000000000000000000000011111110011100000000000000000000000000
00000000000000000000000000000000000000000011111110111100000000000000000000000000
00000000000000000000000000000000000000000011111111111100000000000000000000000000
00000000000000000000000000000000000000000011111111111100000000000000000000000000
00000000000000000000000000000000000000000011111111111000000000000000000000000000
00000000000000000000000000000000000000000001111111110000000000000000000000000000
00000000000000000000000000000000000000000000011111100000000000000000000000000000
00000000000000000000000000000000000000000000001111100000000000000000000000000000
00000000000000000000000000000000000000000000000110000000000000000000000000000000
00000000000000000000000000000000000000000000000000000000000000000000000000000000
00000000000000000000000000000000000000000000000000000000000000000000000000000000
00000000000000000000000000000000000000000000000000000000000000000000000000000000
00000000000000000000000000000000000000000000000000000000000000000000000000000000
00000000000000000000000000000000000000000000000000000000000000000000000000000000
00000000000000000000000000000000000000000000000000000000000000000000000000000000
00000000000000000000000000000000000000000000000000000000000000000000000000000000
00000000000000000000000000000000000000000000000000000000000000000000000000000000
00000000000000000000000000000000000000000000000000000000000000000000000000000000
00000000000000000000000000000000000000000000000000000000000000000000000000000000
00000000000000000000000000000000000000000000000000000000000000000000000000000000
00000000000000000000000000000000000000000000000000000000000000000000000000000000
00000000000000000000000000000000000000000000000000000000000000000000000000000000
00000000000000000000000000000000000000000000000000000000000000000000000000000000
00000000000000000000000000000000000000000000000000000000000000000000000000000000
00000000000000000000000000000000000000000000000000000000000000000000000000000000
00000000000000000000000000000000000000000000000000000000000000000000000000000000
00000000000000000000000000000000000000000000000000000000000000000000000000000000
00000000000000000000000000000000000000000000000000000000000000000000000000000000
00000000000000000000000000000000000000000000000000000000000000000000000000000000
00000000000000000000000000000000000000000000000000000000000000000000000000000000
00000000000000000000000000000000000000000000000000000000000000000000000000000000
00000000000000000000000000000000000000000000000000000000000000000000000000000000
00000000000000000000000000000000000000000000000000000000000000000000000000000000
00000000000000000000000000000000000000000000000000000000000000000000000000000000
00000000000000000000000000000000000000000000000000000000000000000000000000000000
00000000000000000000000000000000000000000000000000000000000000000000000000000000
00000000000000000000000000000000000000000000000000000000000000000000000000000000
00000000000000000000000000000000000000000000000000000000000000000000000000000000
00000000000000000000000000000000000000000000000000000000000000000000000000000000
00000000000000000000000000000000000000000000000000000000000000000000000000000000
00000000000000000000000000000000000000000000000000000000000000000000000000000000
00000000000000000000000000000000000000000000000000000000000000000000000000000000
10000000000000000000000000000000000000000000000000000000000000000000000000000000
00000100100000000000000000000000000000000000000000000000000000000000000000000000
00000000110000001000000000000000000000000000000000000000000000000000000000000000
00000000000000001000000111111111100000000000000000000000000000000000000000000101
00000000000000000000000000000000111111100000000000000100000000000000000000000000
00000000000000000000000000000000000000000001000001000000000000000000000000000000
00000000000000000000000000000000000000000000000000000000000000000000000000000000
00000000000000000000000000000000000000000000000000000000000000000000000000000000
00000000000000000000000000000000000000000000000000000000010000000000000000000000
00000000000000000000000000000000000000000000000000000000010000000000000000000000
00000000000000000000000000000000000000000000000000000000001000000000000000000000
00000000000000000000000000000000000000000000000000000000000000000000000000000000
00000000000000000000000000000000000000000000000000000000000100000000000000000000
00000000000000000000000100000000000000000000000000000000000100000000000000000000
