219 217 222 255 255 230 207 241 222 218 239 225 244 255 248 254 238 208 203 209 212 213 230 244 238 248 239 244 248 237 231 225 213 
237 233 205 233 255 255 255 239 220 213 209 203 212 232 240 245 242 250 255 246 238 233 221 
218 255 225 232 255 233 240 245 217 206 210 205 203 223 246 241 242 251 255 252 245 237 224 
229 234 255 250 253 248 235 203 202 212 205 215 239 243 243 247 252 254 251 241 227 
223 226 223 215 210 202 202 219 248 246 243 245 254 255 245 232 
206 210 233 207 204 211 246 250 246 245 255 255 252 244 
236 237 253 255 232 213 229 202 202 210 228 246 250 247 255 255 253 254 
206 245 255 251 255 254 255 239 255 240 207 202 211 239 252 248 251 251 252 255 
249 255 250 254 255 255 255 255 255 255 255 204 204 225 251 255 253 255 255 250 
221 255 255 252 255 255 255 255 255 255 255 242 215 241 250 248 252 255 250 
223 252 255 255 237 255 253 255 255 254 254 255 255 255 255 234 205 230 244 244 247 251 248 
211 255 255 252 251 255 247 205 201 245 255 255 255 254 252 255 255 254 255 255 238 203 221 241 245 245 247 246 
251 255 255 253 255 250 255 244 209 251 255 255 255 251 254 255 254 248 255 246 205 233 243 242 242 242 
226 246 255 255 255 255 255 255 248 227 247 255 255 252 254 254 253 254 255 255 253 255 221 221 238 238 238 240 
207 244 255 255 247 255 254 255 255 235 221 251 255 254 254 254 251 245 236 248 255 253 215 214 222 252 252 255 217 215 231 232 232 235 
210 228 247 255 253 255 254 253 255 227 244 255 255 255 255 250 255 255 255 255 225 216 233 237 254 243 255 240 235 248 210 214 229 227 227 230 
204 233 255 255 249 251 255 255 249 202 201 223 240 248 245 255 247 255 249 208 202 205 255 233 246 254 229 237 230 211 210 230 228 219 228 
210 228 255 255 255 253 255 255 221 217 228 255 255 255 252 246 255 255 255 255 243 255 220 223 217 222 228 219 210 216 223 221 221 
223 244 255 253 255 255 251 214 204 217 225 255 250 255 238 228 254 240 243 235 241 221 232 231 203 215 220 208 214 224 215 
232 253 255 255 255 255 242 228 213 207 208 213 217 220 255 246 249 230 227 247 238 233 234 203 232 245 205 210 208 206 220 211 
202 232 247 255 255 255 243 227 213 211 215 217 219 221 239 229 209 221 220 203 202 255 252 224 207 204 
224 255 255 249 252 233 218 217 222 223 222 222 238 209 218 222 245 209 204 208 
234 255 253 255 234 214 211 217 216 215 217 210 219 255 238 255 236 205 
220 253 252 228 207 208 217 222 226 231 220 213 213 203 
243 250 227 221 230 218 221 221 213 216 208 203 202 203 211 201 
247 212 202 207 218 219 207 216 220 212 215 213 203 205 207 220 249 255 246 215 
211 219 216 209 231 215 219 212 216 219 217 219 216 255 255 245 228 201 
214 247 222 206 202 221 218 217 213 217 222 221 223 220 210 203 224 255 222 202 205 201 
203 224 211 203 222 211 215 216 217 219 216 216 218 218 205 205 204 249 233 
222 220 208 235 221 218 209 214 214 213 212 211 210 213 222 213 209 207 245 239 204 
201 223 205 204 238 253 232 216 210 209 206 207 212 210 210 217 212 229 227 203 
218 227 211 214 216 236 254 224 218 210 206 206 216 215 211 215 222 223 221 
210 217 214 229 250 249 231 209 201 209 202 206 225 228 219 212 
203 228 206 207 243 242 218 205 202 201 210 233 202 207 230 240 250 241 202 
218 218 213 223 230 241 221 202 202 205 203 237 247 255 252 207 
217 253 228 239 224 238 228 235 252 231 
203 220 240 238 228 238 240 249 255 241 
218 241 243 240 222 207 237 255 
223 230 231 205 252 
219 255 
224 
230 247 224 210 206 
210 255 255 243 233 228 206 
255 248 252 255 255 243 
255 249 255 254 251 223 
246 255 239 236 225 203 





213 
216 




























206 
213 213 215 
220 231 232 208 210 
209 213 237 205 244 
214 255 223 
201 233 255 221 
206 230 224 
203 
207 
203 227 
208 
204 




















212 215 214 220 213 214 
218 221 219 213 228 220 209 217 213 213 
219 224 226 214 222 216 218 232 226 222 
215 217 214 211 217 211 215 216 
216 218 218 221 230 225 206 205 
217 209 215 214 217 
203 206 210 
219 201 203 205 216 207 
213 204 212 205 206 219 214 210 214 215 204 209 
205 205 203 201 216 208 204 208 213 213 216 218 210 202 203 
219 255 245 203 201 202 
232 206 239 229 206 245 241 231 208 
207 220 218 229 216 213 215 
222 217 213 249 233 214 216 
214 229 247 224 212 231 217 206 
222 243 217 202 204 219 224 243 216 240 241 207 
211 254 245 203 222 243 201 208 221 224 222 235 223 246 204 
239 241 205 243 255 228 252 229 224 238 255 210 
217 255 255 245 255 255 224 209 243 254 216 
255 251 233 226 227 209 232 254 217 
245 248 233 234 246 231 239 247 246 248 227 
245 210 216 252 242 237 230 207 
222 229 235 229 
202 215 227 240 215 
224 237 230 223 218 
203 219 226 232 210 
231 244 248 208 
211 
206 212 
208 216 212 
221 225 216 
217 227 215 218 
205 226 233 230 223 
221 223 228 232 217 
224 225 224 226 220 
204 212 222 234 229 223 232 
201 217 227 218 217 232 228 220 235 
203 229 232 209 220 220 221 219 221 226 225 227 232 
216 253 255 255 248 219 223 222 214 227 238 229 233 244 238 
202 201 223 255 254 247 255 251 246 233 215 230 222 217 223 234 235 230 235 242 242 
205 215 240 251 252 228 248 255 253 247 239 255 255 255 232 227 223 223 226 231 235 236 240 242 235 
203 209 237 255 255 248 246 230 255 255 253 255 255 255 251 215 229 224 224 229 228 231 237 242 246 239 224 
204 206 222 255 255 251 255 255 238 204 218 248 255 255 255 255 255 247 219 238 225 225 233 231 235 240 243 244 236 220 
206 206 204 203 224 255 255 255 248 238 245 253 253 241 226 231 255 255 255 255 237 210 225 228 232 228 235 236 241 244 240 239 233 221 
201 202 203 204 209 236 252 242 235 237 251 255 255 255 255 253 255 253 255 241 216 214 201 212 215 212 203 205 223 225 217 209 238 220 236 232 238 240 245 244 236 233 232 224 
207 213 210 201 201 239 255 255 255 255 225 213 246 250 255 255 255 242 255 255 222 206 223 241 255 255 252 234 219 205 225 234 226 235 239 243 242 243 240 233 233 233 227 
202 202 218 214 207 211 244 255 255 255 255 255 251 228 236 255 251 255 246 255 255 255 254 242 253 233 215 242 255 255 255 255 255 255 248 217 213 231 225 237 233 243 248 244 242 238 232 234 234 227 
