rrrrrrrrrrrrrrrrrrrrrrrrrrrrrrrrrrrrrrrrrrrrrr
207 202 207 243 244 214 208 207 201 212 205 204 
207 217 211 224 201 206 211 202 
227 219 201 211 202 211 217 212 205 
218 209 235 217 218 213 203 203 203 207 212 214 211 201 
214 217 212 211 209 206 208 217 220 208 
201 201 222 211 213 209 208 220 224 215 207 
229 232 248 251 226 207 220 213 217 214 222 224 220 221 
238 249 246 251 249 251 233 251 231 201 206 219 215 218 218 218 226 
242 249 245 251 252 252 252 251 251 250 250 218 224 220 223 224 216 
213 251 251 248 251 252 251 251 252 252 250 234 208 217 215 219 222 216 
213 242 248 248 232 251 249 251 254 253 253 254 254 251 251 224 211 211 214 218 215 
248 248 243 242 248 237 239 252 252 254 253 251 254 254 253 250 248 224 206 210 210 212 211 
239 248 248 244 249 240 248 234 203 247 252 254 254 251 254 255 254 247 251 236 208 208 208 208 
212 234 246 248 246 248 247 248 238 221 243 254 254 252 254 255 255 255 254 249 241 238 201 201 201 201 203 
233 248 249 238 248 244 248 248 225 217 250 254 254 255 255 255 250 238 244 249 240 207 211 237 231 237 
215 236 248 244 249 246 244 249 218 238 252 254 254 254 250 255 254 251 248 213 203 220 231 245 230 243 221 210 215 
218 246 251 248 247 252 251 243 212 229 238 235 243 235 245 235 244 217 228 234 205 206 
216 252 254 254 249 251 251 215 202 212 243 242 244 236 230 239 241 242 240 223 241 201 204 
217 240 252 247 249 251 245 205 204 210 240 234 244 222 210 236 222 225 217 221 201 212 210 
223 244 248 249 249 249 231 217 202 202 206 208 243 230 233 214 209 229 220 215 216 212 225 
222 237 245 248 248 234 218 204 202 206 208 209 210 225 211 203 202 242 234 204 
212 247 248 238 241 224 209 208 213 216 215 213 222 204 227 
219 245 242 247 225 205 205 210 211 210 208 203 241 222 240 220 
205 241 241 217 201 212 217 223 225 204 
231 239 218 214 225 215 214 205 
234 201 211 213 201 206 201 201 233 242 231 
208 206 203 225 205 241 244 230 213 
229 206 213 206 201 209 242 209 
208 211 236 220 
206 205 222 208 206 201 232 226 
209 225 240 218 216 215 
202 211 219 237 207 201 207 208 
205 226 222 202 
203 214 207 205 209 219 231 222 
202 209 216 228 243 236 
229 203 208 218 211 220 237 218 
201 217 212 223 225 236 247 230 
220 218 214 226 249 
203 209 210 245 
201 251 
219 
218 237 215 201 
248 246 234 224 222 
248 238 243 246 249 236 
248 239 248 245 242 213 
236 248 229 225 216 






206 






























201 
204 
219 
226 



202 






















205 208 208 214 207 208 
202 206 209 205 220 212 202 210 207 207 
203 212 216 207 215 210 212 226 221 217 
203 205 205 202 208 202 207 208 
205 207 207 210 221 216 
208 206 205 206 
201 
214 211 
208 207 203 201 211 203 204 205 
213 205 201 202 206 207 210 212 204 
242 229 
213 220 210 229 227 216 
201 210 
203 230 214 
213 228 205 212 
207 232 207 209 212 227 219 222 
237 232 216 240 202 211 211 205 210 229 
218 222 236 252 220 240 208 215 240 
248 247 238 247 243 201 218 235 201 
242 239 223 216 216 210 227 
225 229 221 222 234 209 214 221 221 229 212 
223 230 217 211 205 
203 210 209 
201 215 
202 212 205 201 
204 211 
210 223 229 201 
205 
204 
206 202 
205 210 
202 
203 




220 222 
210 244 249 248 238 207 
217 249 245 237 248 239 232 213 
206 234 245 246 222 239 249 243 237 227 244 240 232 206 
229 249 251 243 241 222 248 248 241 245 240 238 225 
212 248 247 243 251 251 233 210 238 248 247 243 237 236 221 
214 248 249 247 243 233 240 248 245 233 216 221 243 245 241 235 213 
216 234 228 223 227 241 249 249 251 251 248 251 245 249 231 206 202 
219 241 241 242 245 214 205 238 245 251 251 251 234 249 248 212 217 237 237 227 209 
222 240 240 235 236 241 237 217 228 249 246 250 241 251 249 249 244 232 242 219 218 238 233 237 237 237 233 220 
gggggggggggggggggggggggggggggggggggggggggggggg
219 217 222 255 255 230 207 241 222 218 239 225 244 255 248 254 238 208 203 209 212 213 230 244 238 248 239 244 248 237 231 225 213 
237 233 205 233 255 255 255 239 220 213 209 203 212 232 240 245 242 250 255 246 238 233 221 
218 255 225 232 255 233 240 245 217 206 210 205 203 223 246 241 242 251 255 252 245 237 224 
229 234 255 250 253 248 235 203 202 212 205 215 239 243 243 247 252 254 251 241 227 
223 226 223 215 210 202 202 219 248 246 243 245 254 255 245 232 
206 210 233 207 204 211 246 250 246 245 255 255 252 244 
236 237 253 255 232 213 229 202 202 210 228 246 250 247 255 255 253 254 
206 245 255 251 255 254 255 239 255 240 207 202 211 239 252 248 251 251 252 255 
249 255 250 254 255 255 255 255 255 255 255 204 204 225 251 255 253 255 255 250 
221 255 255 252 255 255 255 255 255 255 255 242 215 241 250 248 252 255 250 
223 252 255 255 237 255 253 255 255 254 254 255 255 255 255 234 205 230 244 244 247 251 248 
211 255 255 252 251 255 247 205 201 245 255 255 255 254 252 255 255 254 255 255 238 203 221 241 245 245 247 246 
251 255 255 253 255 250 255 244 209 251 255 255 255 251 254 255 254 248 255 246 205 233 243 242 242 242 
226 246 255 255 255 255 255 255 248 227 247 255 255 252 254 254 253 254 255 255 253 255 221 221 238 238 238 240 
207 244 255 255 247 255 254 255 255 235 221 251 255 254 254 254 251 245 236 248 255 253 215 214 222 252 252 255 217 215 231 232 232 235 
210 228 247 255 253 255 254 253 255 227 244 255 255 255 255 250 255 255 255 255 225 216 233 237 254 243 255 240 235 248 210 214 229 227 227 230 
204 233 255 255 249 251 255 255 249 202 201 223 240 248 245 255 247 255 249 208 202 205 255 233 246 254 229 237 230 211 210 230 228 219 228 
210 228 255 255 255 253 255 255 221 217 228 255 255 255 252 246 255 255 255 255 243 255 220 223 217 222 228 219 210 216 223 221 221 
223 244 255 253 255 255 251 214 204 217 225 255 250 255 238 228 254 240 243 235 241 221 232 231 203 215 220 208 214 224 215 
232 253 255 255 255 255 242 228 213 207 208 213 217 220 255 246 249 230 227 247 238 233 234 203 232 245 205 210 208 206 220 211 
202 232 247 255 255 255 243 227 213 211 215 217 219 221 239 229 209 221 220 203 202 255 252 224 207 204 
224 255 255 249 252 233 218 217 222 223 222 222 238 209 218 222 245 209 204 208 
234 255 253 255 234 214 211 217 216 215 217 210 219 255 238 255 236 205 
220 253 252 228 207 208 217 222 226 231 220 213 213 203 
243 250 227 221 230 218 221 221 213 216 208 203 202 203 211 201 
247 212 202 207 218 219 207 216 220 212 215 213 203 205 207 220 249 255 246 215 
211 219 216 209 231 215 219 212 216 219 217 219 216 255 255 245 228 201 
214 247 222 206 202 221 218 217 213 217 222 221 223 220 210 203 224 255 222 202 205 201 
203 224 211 203 222 211 215 216 217 219 216 216 218 218 205 205 204 249 233 
222 220 208 235 221 218 209 214 214 213 212 211 210 213 222 213 209 207 245 239 204 
201 223 205 204 238 253 232 216 210 209 206 207 212 210 210 217 212 229 227 203 
218 227 211 214 216 236 254 224 218 210 206 206 216 215 211 215 222 223 221 
210 217 214 229 250 249 231 209 201 209 202 206 225 228 219 212 
203 228 206 207 243 242 218 205 202 201 210 233 202 207 230 240 250 241 202 
218 218 213 223 230 241 221 202 202 205 203 237 247 255 252 207 
217 253 228 239 224 238 228 235 252 231 
203 220 240 238 228 238 240 249 255 241 
218 241 243 240 222 207 237 255 
223 230 231 205 252 
219 255 
224 
230 247 224 210 206 
210 255 255 243 233 228 206 
255 248 252 255 255 243 
255 249 255 254 251 223 
246 255 239 236 225 203 





213 
216 




























206 
213 213 215 
220 231 232 208 210 
209 213 237 205 244 
214 255 223 
201 233 255 221 
206 230 224 
203 
207 
203 227 
208 
204 




















212 215 214 220 213 214 
218 221 219 213 228 220 209 217 213 213 
219 224 226 214 222 216 218 232 226 222 
215 217 214 211 217 211 215 216 
216 218 218 221 230 225 206 205 
217 209 215 214 217 
203 206 210 
219 201 203 205 216 207 
213 204 212 205 206 219 214 210 214 215 204 209 
205 205 203 201 216 208 204 208 213 213 216 218 210 202 203 
219 255 245 203 201 202 
232 206 239 229 206 245 241 231 208 
207 220 218 229 216 213 215 
222 217 213 249 233 214 216 
214 229 247 224 212 231 217 206 
222 243 217 202 204 219 224 243 216 240 241 207 
211 254 245 203 222 243 201 208 221 224 222 235 223 246 204 
239 241 205 243 255 228 252 229 224 238 255 210 
217 255 255 245 255 255 224 209 243 254 216 
255 251 233 226 227 209 232 254 217 
245 248 233 234 246 231 239 247 246 248 227 
245 210 216 252 242 237 230 207 
222 229 235 229 
202 215 227 240 215 
224 237 230 223 218 
203 219 226 232 210 
231 244 248 208 
211 
206 212 
208 216 212 
221 225 216 
217 227 215 218 
205 226 233 230 223 
221 223 228 232 217 
224 225 224 226 220 
204 212 222 234 229 223 232 
201 217 227 218 217 232 228 220 235 
203 229 232 209 220 220 221 219 221 226 225 227 232 
216 253 255 255 248 219 223 222 214 227 238 229 233 244 238 
202 201 223 255 254 247 255 251 246 233 215 230 222 217 223 234 235 230 235 242 242 
205 215 240 251 252 228 248 255 253 247 239 255 255 255 232 227 223 223 226 231 235 236 240 242 235 
203 209 237 255 255 248 246 230 255 255 253 255 255 255 251 215 229 224 224 229 228 231 237 242 246 239 224 
204 206 222 255 255 251 255 255 238 204 218 248 255 255 255 255 255 247 219 238 225 225 233 231 235 240 243 244 236 220 
206 206 204 203 224 255 255 255 248 238 245 253 253 241 226 231 255 255 255 255 237 210 225 228 232 228 235 236 241 244 240 239 233 221 
201 202 203 204 209 236 252 242 235 237 251 255 255 255 255 253 255 253 255 241 216 214 201 212 215 212 203 205 223 225 217 209 238 220 236 232 238 240 245 244 236 233 232 224 
207 213 210 201 201 239 255 255 255 255 225 213 246 250 255 255 255 242 255 255 222 206 223 241 255 255 252 234 219 205 225 234 226 235 239 243 242 243 240 233 233 233 227 
202 202 218 214 207 211 244 255 255 255 255 255 251 228 236 255 251 255 246 255 255 255 254 242 253 233 215 242 255 255 255 255 255 255 248 217 213 231 225 237 233 243 248 244 242 238 232 234 234 227 
bbbbbbbbbbbbbbbbbbbbbbbbbbbbbbbbbbbbbbbbbbbbbb
217 214 219 255 255 227 205 255 246 219 225 252 236 253 255 253 255 246 220 218 226 232 234 253 255 255 255 250 255 255 250 244 241 229 
247 242 211 236 255 255 255 248 232 227 227 221 230 251 255 255 253 255 255 255 251 246 234 
223 255 227 231 255 232 239 247 222 214 221 217 218 239 255 253 252 255 255 255 255 249 239 
225 231 255 243 246 241 230 201 207 218 211 222 247 251 253 255 255 255 255 251 237 
222 223 217 205 210 202 203 223 255 255 252 254 255 255 254 241 
209 209 227 202 210 252 255 254 253 255 255 255 250 
244 243 255 255 232 213 226 207 233 253 255 254 255 255 255 255 
215 255 255 255 255 255 255 239 255 237 205 213 246 255 255 255 255 254 255 
255 255 254 255 255 255 255 255 255 255 255 206 232 255 255 255 255 255 251 
202 224 255 255 255 255 255 255 255 255 255 255 244 222 246 255 253 255 255 251 
225 253 255 255 240 255 254 255 255 255 255 255 255 255 255 236 212 237 251 249 252 255 253 
213 255 255 251 250 255 248 207 201 245 255 255 255 255 254 255 255 255 255 255 239 201 203 227 247 251 249 251 250 
251 255 255 250 255 249 255 245 209 252 255 255 255 253 255 255 255 253 255 248 211 239 249 251 251 251 
226 242 251 252 250 255 255 255 249 227 248 255 255 254 255 255 255 255 255 255 251 249 212 227 246 246 246 248 
207 240 253 251 242 255 255 255 255 236 222 253 255 254 255 255 252 249 239 249 255 246 205 207 216 245 245 255 219 222 240 241 241 246 
206 221 241 253 252 255 255 252 255 226 244 255 255 255 255 250 255 255 255 254 221 209 224 233 249 236 253 234 232 253 218 202 222 238 236 236 239 
201 230 255 255 251 252 255 255 249 202 219 236 247 246 255 247 255 249 207 202 204 255 233 246 253 231 242 239 220 219 239 237 228 238 
209 228 255 255 255 252 254 255 219 212 225 255 255 255 252 246 255 255 255 255 244 255 224 227 221 228 235 226 217 223 230 228 228 
223 245 255 253 253 255 249 211 210 220 255 250 255 238 228 254 240 243 237 242 222 233 234 207 221 226 214 206 220 230 221 
231 252 254 255 255 255 238 224 209 203 202 207 211 216 255 246 249 230 227 247 238 233 236 205 233 246 206 213 211 209 223 214 
201 231 246 254 255 255 240 224 208 206 210 212 211 215 239 229 209 221 220 203 202 255 252 225 208 205 201 
222 255 255 245 248 230 213 212 217 216 215 217 237 209 218 222 245 209 204 207 
231 255 249 254 229 209 207 210 210 209 212 209 218 255 237 255 235 201 
217 249 246 222 202 201 211 215 219 227 219 214 212 
241 246 222 214 223 211 214 220 214 217 209 201 208 
240 206 210 209 208 218 213 216 214 201 204 205 216 246 253 241 210 
212 213 208 221 206 217 212 216 220 215 218 214 255 255 242 223 
215 247 221 208 208 215 213 217 222 219 221 218 208 217 248 213 
203 224 211 208 201 213 217 217 219 214 214 216 216 202 242 224 
221 217 201 226 211 204 211 215 213 212 209 208 211 217 207 203 236 229 
201 223 202 229 243 219 205 207 210 205 207 210 208 208 215 209 220 217 
218 226 208 204 205 220 236 205 203 205 206 204 213 211 207 209 215 213 212 
211 204 207 224 230 226 211 203 213 217 210 206 
202 204 209 221 236 219 219 221 233 244 237 
219 216 208 236 223 202 228 241 254 249 202 
210 227 209 234 225 229 220 230 247 224 
222 235 230 231 233 242 253 235 
226 239 241 221 231 251 
221 231 232 245 
219 251 
217 
228 246 221 205 
211 255 255 240 230 224 
255 247 249 252 253 235 
255 250 255 251 246 214 
247 255 238 232 220 





203 
208 




























219 203 
220 225 234 
220 239 210 252 232 231 
216 246 220 255 201 
216 255 215 243 
235 255 241 204 210 
208 239 242 201 
206 
204 
223 
203 





















208 203 204 
217 216 208 215 209 201 210 209 211 
218 220 218 206 215 212 216 232 229 225 
213 215 209 206 214 210 217 219 202 206 
212 214 214 217 227 224 208 208 
214 206 212 211 213 
202 205 
215 210 
207 206 206 203 206 204 
203 209 201 202 206 
217 255 244 
230 204 237 227 205 244 241 228 206 
205 218 216 227 214 211 213 
220 215 211 247 231 213 215 
208 226 243 220 210 229 215 
215 235 208 210 214 233 208 235 237 204 
207 248 238 212 232 210 214 214 229 217 240 
234 237 235 248 217 242 222 218 232 251 205 
215 253 249 237 248 247 218 202 237 248 211 
255 247 225 218 221 204 229 249 211 
243 246 229 230 242 228 235 244 242 242 220 
243 209 214 250 239 234 226 
219 226 231 220 
212 224 236 206 
222 234 227 217 210 
202 216 223 225 
226 239 242 


205 201 
211 218 208 
210 223 216 220 
221 233 234 228 
215 221 230 238 226 
220 226 227 232 227 
210 223 237 235 232 243 
214 225 219 219 238 234 230 245 
202 228 231 208 220 221 223 222 226 234 235 238 246 
216 252 255 255 247 217 224 225 218 232 245 238 244 255 250 
201 201 223 255 253 246 255 249 246 232 215 229 223 221 230 242 246 241 247 254 254 
205 214 240 251 252 228 247 255 252 246 237 255 255 255 231 227 225 228 233 241 245 246 252 253 246 
202 210 239 255 255 251 249 232 255 255 253 255 255 255 252 216 230 226 227 236 235 238 246 251 255 249 234 
203 205 223 255 255 253 255 255 241 207 220 249 255 255 255 255 255 248 220 240 229 230 239 238 242 247 250 251 243 227 
203 204 202 203 225 255 255 255 251 241 248 255 255 243 227 232 255 255 255 255 241 214 227 231 235 232 241 241 246 249 245 246 241 229 
201 208 235 252 242 235 238 252 255 255 255 255 255 255 255 255 242 217 214 202 216 219 216 207 203 209 227 229 220 201 209 239 223 241 238 242 243 248 247 239 239 238 230 
204 210 207 238 255 255 255 255 227 216 249 254 255 255 255 245 255 255 224 203 210 227 245 255 255 255 238 222 208 227 237 231 241 244 247 246 247 244 237 237 237 231 
201 214 211 204 209 242 255 255 254 255 255 252 230 239 255 255 255 250 255 255 255 255 244 255 236 219 246 255 255 255 255 255 255 251 220 212 233 228 242 239 248 251 246 244 240 235 237 238 231 
